%YAML:1.0
M1: !!opencv-matrix
   rows: 3
   cols: 3
   dt: d
   data: [ 4.2126730429010615e+002, 0., 1.5856328661123013e+002, 0.,
       4.2126730429010615e+002, 1.2201157563679537e+002, 0., 0., 1. ]
