%YAML:1.0
P1: !!opencv-matrix
   rows: 3
   cols: 4
   dt: d
   data: [ 4.1025060475655243e+002, 0., 1.6467931747436523e+002, 0., 0.,
       4.1025060475655243e+002, 1.2389290237426758e+002, 0., 0., 0., 1.,
       0. ]
