%YAML:1.0
P2: !!opencv-matrix
   rows: 3
   cols: 4
   dt: d
   data: [ 4.1025060475655243e+002, 0., 1.5510824203491211e+002,
       -2.5195893956677992e+003, 0., 4.1025060475655243e+002,
       1.2389290237426758e+002, 0., 0., 0., 1., 0. ]
