%YAML:1.0
Q: !!opencv-matrix
   rows: 4
   cols: 4
   dt: d
   data: [ 1., 0., 0., -1.6467931747436523e+002, 0., 1., 0.,
       -1.2389290237426758e+002, 0., 0., 0., 4.1025060475655243e+002, 0.,
       0., 1.6282438934770102e-001, -1.5584045138297342e+000 ]
