<?xml version="1.0"?>
<opencv_storage>
<Descriptor_of_images type_id="opencv-matrix">
  <rows>1</rows>
  <cols>1014</cols>
  <dt>f</dt>
  <data>
    1.11829348e+001 8.85277748e+000 5.38805103e+000 4.89406347e+000
    3.50293994e+000 3.20911431e+000 -6.86027482e-003 -3.26658646e-003
    9.61030647e-003 -7.37884606e-004 -6.85563823e-003 -4.34231572e-003
    1.10722415e-003 -1.07005844e-003 -1.96418748e-003 -9.47867811e-004
    1.14214914e-002 7.33733363e-003 -3.44922082e-005 -2.01008823e-002
    -1.63519196e-002 1.17608728e-002 1.20957596e-002 -1.60498207e-003
    -4.55777114e-003 8.92962888e-003 1.98125094e-002 4.17174250e-002
    1.50309671e-002 9.09498613e-003 7.41178589e-003 1.85990031e-003
    -4.09338111e-003 -1.55108445e-003 1.78615726e-003 1.51205268e-002
    -6.65205764e-003 -2.54209042e-002 -1.61323044e-002 -4.41574288e-004
    3.53714474e-003 -3.89104639e-003 -5.83966728e-003 4.70453640e-003
    8.60115048e-003 1.25688722e-003 -3.45707573e-002 -7.31719285e-002
    -1.06380202e-001 -1.33569926e-001 -1.84330493e-002 1.40410755e-003
    1.77032765e-004 -3.75626492e-003 -1.13028903e-002 -4.84422185e-002
    -3.46464589e-002 1.38214946e-001 2.49680266e-001 1.88850276e-002
    1.34163136e-002 2.09224429e-002 3.44280064e-001 1.76963538e-001
    -2.99353823e-002 -2.34166756e-002 1.73858274e-002 1.96074303e-002
    3.20030493e-003 -2.01362767e-003 -1.73775274e-002 -1.25303447e-001
    -1.14448480e-001 -8.12940001e-002 -2.78713945e-002 4.07438434e-004
    1.02227763e-003 -4.56543220e-003 -4.76319492e-002 -1.87432510e-003
    5.41765988e-003 -8.61391833e-004 -1.08516719e-002 -3.38404216e-002
    -1.39753953e-001 -2.75986254e-001 -8.65995809e-002 -1.40273683e-002
    -1.31621659e-002 -2.14738976e-002 -1.49706528e-002 -1.06347008e-002
    1.75280832e-002 1.73457041e-001 4.29468960e-001 1.12561926e-001
    -1.93963703e-002 3.37955542e-002 4.23431575e-001 1.45225152e-001
    1.46959610e-002 2.96468061e-004 2.07258185e-004 1.22686382e-002
    -6.66555809e-003 -4.29740474e-002 -9.15643945e-002 -2.30898529e-001
    -8.88543501e-002 -1.05938474e-002 2.86083645e-003 -6.35866867e-003
    -1.19684199e-002 -5.96278347e-003 -5.59477918e-002 1.06871674e-004
    4.04843455e-003 2.85972608e-003 -2.08288734e-003 -4.05025156e-003
    -3.48377116e-002 -9.99154076e-002 -5.22059985e-002 -7.87937120e-002
    -2.76016258e-002 -4.46746964e-003 -8.03365139e-004 4.11218544e-003
    9.88246128e-003 4.89313565e-002 1.16153374e-001 -1.63000692e-002
    -6.76861638e-003 3.01486738e-002 1.42176196e-001 4.35038209e-002
    1.35661406e-003 1.47181447e-004 9.12238937e-003 1.82973370e-002
    -2.73439661e-003 -4.83337641e-002 -5.99141680e-002 -6.28272668e-002
    -1.38379233e-002 8.85860436e-003 8.80026445e-003 1.19964760e-002
    1.64834987e-002 -3.81426723e-003 1.68029424e-002 1.59864798e-002
    1.09177670e-002 3.02463281e-003 9.51546989e-003 8.94211791e-003
    2.32465914e-003 5.25893318e-003 9.87173291e-004 -1.64559588e-003
    3.57698277e-003 -7.97969196e-003 6.66393107e-003 2.10796833e-001
    3.15968961e-001 1.35530457e-001 1.56315062e-002 -2.70703138e-004
    -9.76571254e-003 -7.69996829e-003 2.31602462e-003 1.20841362e-001
    4.11530137e-001 3.01975727e-001 6.60654902e-002 1.09107057e-002
    -3.43048759e-003 2.09299545e-003 -2.48735910e-003 3.57466703e-003
    2.22555250e-002 5.18787503e-002 2.97908038e-002 3.59224551e-003
    7.32365577e-003 1.84363197e-003 4.30790847e-003 1.14308875e-002
    1.55758532e-002 1.86415238e-003 7.13067595e-003 2.84384582e-002
    7.67797381e-002 1.06740102e-001 7.70602655e-003 -8.06375314e-003
    -8.02718196e-003 -1.36636365e-002 -1.36276828e-002 -6.02965690e-002
    -1.24031482e-002 1.57270923e-001 1.81514665e-001 1.37577776e-003
    1.02819141e-003 1.29718836e-002 9.67563093e-002 4.54944931e-003
    -1.25929013e-001 -1.25499263e-001 -4.55595851e-002 -4.77870330e-002
    -1.51355267e-002 5.19714039e-003 2.74377763e-002 1.50469288e-001
    5.86104654e-002 -1.48146711e-002 -8.64299852e-003 1.91927364e-003
    -3.27225262e-003 -9.29038040e-004 -4.88159945e-003 2.45601335e-003
    4.79595363e-003 7.39006500e-004 6.06788322e-003 2.59787533e-002
    1.23708583e-001 2.14939937e-001 3.14809643e-002 -7.81031325e-002
    -2.36145295e-002 -4.93012331e-002 -2.96576153e-002 -1.69008933e-002
    -2.72898152e-002 -9.94422287e-003 3.30156609e-002 -4.68985364e-003
    -1.18947819e-001 -5.82001358e-002 5.26874773e-002 4.26881295e-003
    -2.57783756e-002 -2.23315805e-002 -4.34949733e-002 -8.41560587e-002
    -4.11053188e-002 -1.19193504e-002 2.49948576e-002 1.41741931e-001
    5.57942428e-002 2.24877009e-003 -3.25910468e-003 -3.52737238e-003
    -4.77466872e-003 4.48511622e-004 5.32615110e-002 -5.91335302e-005
    8.22088029e-003 6.36491575e-004 5.33475308e-003 1.00739729e-002
    6.66028559e-002 1.71070784e-001 6.25905469e-002 1.65152386e-001
    2.56082434e-002 1.22620845e-002 2.39097653e-003 7.45168468e-003
    1.08876228e-002 7.25158677e-002 2.05874547e-001 1.15533523e-001
    1.65411234e-001 1.83008373e-001 2.45644942e-001 5.52191548e-002
    2.68159900e-003 5.40572591e-003 6.18403498e-003 2.32054293e-003
    3.19384784e-003 3.48940641e-002 6.13011830e-002 8.56387988e-002
    1.86334252e-002 1.57345831e-003 3.72421253e-003 8.00456293e-003
    6.89891726e-003 2.38811976e-004 -2.79587833e-003 -3.48705752e-003
    -2.95651751e-003 2.23962893e-003 1.88389681e-002 2.31514648e-002
    1.03662480e-002 7.99434446e-003 2.34399620e-003 -1.06169060e-002
    -1.04404744e-002 -6.58348156e-003 1.15968324e-002 1.48689732e-001
    1.63738161e-001 1.82267670e-002 2.22186674e-003 -2.28974503e-003
    1.67161587e-003 2.12095166e-003 3.93619249e-003 -1.17142620e-002
    -1.37331218e-001 -1.99764952e-001 -7.77469203e-002 -1.10175172e-002
    8.97902413e-004 9.82431974e-003 -1.18215173e-003 -6.88281609e-003
    -3.25118862e-002 -7.43199959e-002 -3.71040069e-002 3.29946680e-003
    1.19659761e-002 9.51235835e-003 2.55117957e-002 -5.32802939e-003
    -6.32318435e-003 -1.07675244e-003 3.90541391e-003 2.65072454e-002
    1.43749371e-001 3.23514640e-001 8.44152272e-002 3.51164304e-002
    1.27995145e-002 4.56153154e-002 3.59573066e-002 8.56684241e-003
    -1.04261577e-001 -1.59584120e-001 -7.80396760e-002 3.34317163e-002
    -3.21855396e-002 -2.49553155e-002 8.62094760e-002 1.93504542e-001
    1.67576522e-001 -4.92197182e-003 -7.49943256e-002 -7.61398748e-002
    -1.19620357e-002 -2.40972843e-002 -6.35722056e-002 -2.57794917e-001
    -6.79730326e-002 1.79020166e-002 1.23513769e-002 -4.72947955e-003
    -8.85439292e-003 -4.71215136e-003 4.63575497e-002 3.99858545e-005
    1.27039794e-002 3.97090986e-003 -9.42805689e-003 -4.71391082e-002
    -8.90152603e-002 -1.12467883e-002 5.67984805e-002 6.20845184e-002
    -8.31045303e-003 -4.92637418e-003 3.71925440e-003 -1.05837742e-002
    -4.32595760e-002 -9.88542195e-003 1.13513775e-001 1.86077282e-001
    -3.66321690e-002 -1.32606566e-001 -9.56815034e-002 1.42541714e-002
    2.37435829e-002 1.09072719e-002 -5.16178412e-003 4.92088636e-003
    1.74772386e-002 -3.87853608e-002 -5.76620549e-002 1.07796542e-001
    1.52725354e-001 6.68319538e-002 2.38496065e-002 5.22982795e-003
    5.46767283e-003 2.81303399e-003 -7.55606145e-002 -8.17293953e-003
    8.54825974e-003 6.59077568e-003 4.64466307e-003 -7.89612997e-003
    -1.00240491e-001 -2.43267834e-001 -7.90028647e-002 5.21545149e-002
    -7.82675818e-002 -5.04214875e-002 -1.47487605e-002 -4.16830881e-003
    -5.44141140e-003 2.76438724e-002 1.64328709e-001 1.49178356e-001
    3.34470153e-001 -2.02337690e-002 -6.87162578e-002 -1.06634609e-002
    1.03645558e-002 1.47728445e-002 3.94254923e-002 1.06729887e-001
    1.52414724e-001 1.30110368e-001 1.65143341e-001 2.08786950e-001
    5.23952208e-002 2.88582663e-003 2.19949335e-003 3.24497116e-003
    7.03710457e-003 3.97362188e-003 -2.63402378e-003 4.45216283e-004
