<?xml version="1.0"?>
<opencv_storage>
<Descriptor_of_images type_id="opencv-matrix">
  <rows>1</rows>
  <cols>1014</cols>
  <dt>f</dt>
  <data>
    9.77170372e+000 8.18051910e+000 5.96294594e+000 3.67698050e+000
    3.00490713e+000 2.70444107e+000 1.61761586e-002 2.19368394e-002
    1.69648398e-002 5.76306926e-003 1.07971104e-002 9.99127235e-003
    2.39608553e-003 4.68116626e-003 8.50597920e-004 -1.40189880e-003
    6.12203614e-004 -5.64049324e-003 5.23520540e-003 1.65919438e-001
    2.45474726e-001 1.02646604e-001 1.11381849e-002 -2.63175723e-004
    -4.98395367e-003 -3.42004932e-003 -4.45064809e-003 7.02768266e-002
    3.16078305e-001 2.38363847e-001 5.29259779e-002 1.00098345e-002
    -1.03097351e-003 2.08953861e-003 -4.28442517e-003 -4.19734418e-003
    2.45759506e-002 6.17035255e-002 3.62177603e-002 4.57465695e-003
    7.26993335e-003 3.17669404e-003 1.99999032e-003 9.04481951e-003
    1.62965786e-002 3.29991872e-003 3.11267860e-002 7.91366398e-002
    1.38640612e-001 1.71568274e-001 1.39135346e-002 -2.65598036e-002
    -1.02247465e-002 -2.06337087e-002 -1.10612111e-002 -3.04868165e-003
    3.23305801e-002 4.88551818e-002 3.30844289e-003 -2.10698936e-002
    -1.99829359e-002 -7.05095707e-003 -9.36394185e-002 -8.82848799e-002
    -6.27742931e-002 -5.92099801e-002 -2.97094155e-002 -4.73702140e-002
    -2.42620446e-002 2.00150209e-003 3.19706127e-002 2.23237023e-001
    1.34699285e-001 4.56516631e-002 1.28568988e-002 9.00042651e-004
    -1.95609313e-003 1.52309905e-004 2.46170517e-002 5.37333777e-003
    7.53791910e-003 3.44385067e-003 1.17891841e-002 4.54291925e-002
    2.00959072e-001 3.70455861e-001 8.61826688e-002 -4.11202684e-002
    -1.09769199e-002 -4.81345169e-002 -2.91311964e-002 -1.57926530e-002
    -2.67372336e-002 -9.14502293e-002 -1.95020482e-001 -5.68237156e-002
    -6.85564652e-002 -5.43540940e-002 -1.78010568e-001 -8.75619128e-002
    -3.08531150e-002 -2.40120329e-002 -5.20961732e-002 -9.96151268e-002
    -3.02940886e-002 2.40464397e-002 8.50276276e-002 2.77240872e-001
    1.05638444e-001 1.01595353e-002 -2.83157849e-003 2.00674380e-003
    6.21294882e-003 3.23783560e-003 8.17461014e-002 1.73027933e-004
    8.43446702e-003 -1.10452040e-003 4.18791547e-003 8.79024062e-003
    7.81964287e-002 2.10996449e-001 8.84633884e-002 1.72170535e-001
    3.22253034e-002 -6.64090796e-004 -5.46977622e-003 -4.01442731e-003
    -6.03150437e-003 3.96261225e-003 3.53304930e-002 8.23426470e-002
    1.40004963e-001 1.16615318e-001 7.41762444e-002 3.37417447e-003
    -5.00825467e-003 -2.39717099e-003 -9.29048937e-003 -2.05402896e-002
    2.25802156e-004 5.94471097e-002 8.79985318e-002 1.07845917e-001
    2.35577282e-002 -7.67832214e-004 3.74850235e-004 -4.41348413e-003
    -1.14197731e-002 1.93981826e-003 1.08889770e-002 5.86530799e-003
    4.56001796e-003 -1.11488371e-004 6.48406520e-003 7.55649479e-003
    3.06451530e-003 5.69375511e-003 1.47176918e-003 4.75070061e-004
    2.76446901e-003 2.48313823e-004 9.60673299e-003 1.91679224e-001
    2.85657793e-001 1.15061752e-001 1.76678523e-002 -1.79075127e-004
    -5.68247726e-003 -9.06096539e-004 1.97954178e-002 1.07721403e-001
    3.02810282e-001 1.99900895e-001 3.09530925e-002 5.75148594e-003
    -4.96622967e-003 2.32976582e-003 2.81354762e-003 1.76102445e-002
    1.00074001e-002 1.20867342e-002 5.82207181e-003 4.18618234e-004
    1.91474520e-003 -1.57523330e-003 3.70344077e-003 7.33530382e-003
    1.05757462e-002 2.13234266e-003 -3.35648805e-002 -7.13865608e-002
    -7.16477185e-002 -6.22940511e-002 -8.46788194e-003 2.06565242e-002
    5.37434826e-003 1.38573302e-002 -7.90464878e-003 -1.21643551e-001
    -1.04340032e-001 1.41596675e-001 2.44309232e-001 1.63191706e-002
    1.99424829e-002 2.69569512e-002 2.43511751e-001 1.10826500e-001
    -1.41455010e-001 -1.29122555e-001 -1.38291046e-002 -2.17502049e-004
    5.12399059e-003 9.04786028e-003 6.47732941e-003 -2.73938868e-002
    -9.49274153e-002 -1.14141881e-001 -4.03911769e-002 2.57728808e-003
    -4.20163473e-004 -2.37590191e-003 -4.69618514e-002 -3.25259077e-003
    -2.37321109e-003 -2.95841927e-003 -7.53537565e-003 -2.39959918e-002
    -6.91585168e-002 -1.52204037e-001 -7.72674084e-002 -7.13236779e-002
    -1.86966062e-002 -2.74545066e-002 -1.61934663e-002 -8.31792038e-003
    4.06626239e-003 8.21392760e-002 2.01400116e-001 1.70211643e-002
    -8.56124461e-002 1.28662493e-003 2.73485690e-001 1.11438505e-001
    -3.09712254e-003 -1.17187165e-002 -1.03689590e-002 -1.72596499e-002
    -2.50645019e-002 -6.55844733e-002 -9.13005695e-002 -1.69351473e-001
    -6.65094778e-002 -1.65463705e-002 -4.03025607e-003 -1.08575653e-002
    -1.90934967e-002 -4.19507036e-003 -1.96732283e-002 -5.51072590e-004
    5.63733187e-003 4.82139364e-003 6.38961187e-003 8.10484029e-003
    1.73814669e-002 2.77667735e-002 -1.13027841e-002 -5.46855144e-002
    -1.35605619e-003 2.96348296e-002 1.68453902e-002 2.13192906e-002
    3.01420800e-002 1.20121263e-001 2.89663702e-001 4.96870130e-002
    -6.44228160e-002 1.02861628e-001 3.09583277e-001 9.46020782e-002
    1.64836366e-002 1.62772741e-002 2.05647033e-002 2.23379508e-002
    -2.87054945e-002 -3.53640914e-002 -2.34608371e-002 4.37267870e-003
    2.53449264e-003 4.28472785e-003 5.72785549e-003 2.16156952e-002
    3.06742266e-002 -2.97664991e-003 -1.31764787e-003 2.31935352e-004
    1.72620604e-003 3.37123638e-003 2.37694103e-002 2.81371791e-002
    9.40452237e-003 7.85838347e-003 2.63282610e-003 -1.08801993e-002
    -9.55677032e-003 -2.46468675e-003 1.64606832e-002 2.03292832e-001
    2.36809909e-001 4.22209390e-002 7.02349283e-003 -2.52447976e-003
    4.36866237e-003 6.85867155e-003 1.29397772e-002 9.94092692e-003
    -8.32898989e-002 -1.72856838e-001 -7.88805932e-002 -1.03099672e-002
    7.98536756e-004 1.08346799e-002 -7.68758880e-004 -9.24978685e-003
    -3.35486941e-002 -7.73158520e-002 -3.81915942e-002 2.92916549e-003
    1.00982860e-002 9.88588389e-003 2.86236666e-002 -3.85581073e-003
    -1.48767605e-003 1.12788181e-003 3.44239618e-003 2.46093031e-002
    1.49707511e-001 3.46810758e-001 9.03519168e-002 4.38138954e-002
    2.01594532e-002 5.83248436e-002 4.03992012e-002 -1.78300235e-002
    -1.50945857e-001 -1.89786226e-001 -9.01665911e-002 3.24910469e-002
    -2.47163363e-002 -1.93868373e-002 9.47539583e-002 1.84344664e-001
    1.35332033e-001 -1.97065622e-002 -5.47351465e-002 -6.70578554e-002
    -1.02584148e-002 -2.37999074e-002 -6.87477216e-002 -2.57258892e-001
    -7.51874968e-002 4.23499942e-003 8.12273193e-003 -6.38985820e-003
    -9.18687880e-003 -5.16062137e-003 4.76830266e-002 3.03190225e-003
    1.83976218e-002 6.91561494e-003 -1.05066271e-002 -5.60490228e-002
    -1.03998482e-001 -2.05638856e-002 5.45148142e-002 4.01436388e-002
    -1.57135129e-002 -9.65603907e-003 1.98300043e-003 -6.98050810e-003
    -2.37189960e-002 -1.29822465e-002 6.18381314e-002 1.57133326e-001
    -5.82552589e-002 -1.36438727e-001 -9.44827721e-002 1.66561734e-002
    2.74206921e-002 8.83083325e-003 -7.11946003e-003 6.70163240e-003
    1.87240075e-002 -4.91621867e-002 -7.45414197e-002 9.38714966e-002
    1.51902512e-001 6.75498024e-002 2.31677070e-002 4.57042875e-003
    4.98004397e-003 3.63252219e-003 -8.44049603e-002 -7.78966863e-003
    1.29926680e-002 8.70901812e-003 6.25237543e-003 -7.75822485e-003
    -1.05245665e-001 -2.54999846e-001 -8.82105082e-002 -2.43144967e-002
    -9.06990170e-002 -5.01224361e-002 -1.24371555e-002 -4.92996164e-003
    -7.19051342e-003 2.59968974e-002 1.66367933e-001 1.34200945e-001
    2.21683234e-001 -5.92568405e-002 -8.69041905e-002 -1.17705511e-002
    1.42736845e-002 1.76280923e-002 3.61539237e-002 1.01741798e-001
    1.39037326e-001 1.25231504e-001 1.73270345e-001 2.27039486e-001
    5.76485246e-002 2.72746943e-003 5.85376576e-004 1.83841563e-003
    5.99879539e-003 3.61228478e-003 8.88665393e-003 -9.32605122e-004
    -1.74904149e-002 -1.88490399e-003 -2.92405509e-003 -5.88504877e-003
