%YAML:1.0
D1: !!opencv-matrix
   rows: 1
   cols: 5
   dt: d
   data: [ -1.9081188987230968e-001, 4.9527733341039343e-001, 0., 0.,
       -6.4237677691783823e-001 ]
