%YAML:1.0
D2: !!opencv-matrix
   rows: 1
   cols: 5
   dt: d
   data: [ -8.9726023842394961e-002, -1.6491845827024143e-001, 0., 0.,
       6.6590746925639044e-001 ]
