%YAML:1.0
M1: !!opencv-matrix
   rows: 3
   cols: 3
   dt: d
   data: [ 4.4196120550293006e+002, 0., 1.6697166278673984e+002, 0.,
       4.4196120550293006e+002, 1.4112610042244751e+002, 0., 0., 1. ]
