%YAML:1.0
M2: !!opencv-matrix
   rows: 3
   cols: 3
   dt: d
   data: [ 4.4196120550293006e+002, 0., 1.6453722170719786e+002, 0.,
       4.4196120550293006e+002, 1.4225061804167527e+002, 0., 0., 1. ]
