%YAML:1.0
P1: !!opencv-matrix
   rows: 3
   cols: 4
   dt: d
   data: [ 4.2469164541516847e+002, 0., 1.8683333778381348e+002, 0., 0.,
       4.2469164541516847e+002, 1.4297303771972656e+002, 0., 0., 0., 1.,
       0. ]
