%YAML:1.0
P2: !!opencv-matrix
   rows: 3
   cols: 4
   dt: d
   data: [ 4.2469164541516847e+002, 0., 1.7761582183837891e+002,
       -5.0493957694661112e+003, 0., 4.2469164541516847e+002,
       1.4297303771972656e+002, 0., 0., 0., 1., 0. ]
