%YAML:1.0
Q: !!opencv-matrix
   rows: 4
   cols: 4
   dt: d
   data: [ 1., 0., 0., -1.8683333778381348e+002, 0., 1., 0.,
       -1.4297303771972656e+002, 0., 0., 0., 4.2469164541516847e+002, 0.,
       0., 8.4107418947687765e-002, -7.7526147527965772e-001 ]
