%YAML:1.0
R1: !!opencv-matrix
   rows: 3
   cols: 3
   dt: d
   data: [ 9.9446227033829671e-001, -9.4806204922494156e-002,
       -4.5349491527405597e-002, 9.5225975388135889e-002,
       9.9542976942588046e-001, 7.1824614246544750e-003,
       4.4461291985032569e-002, -1.1461136459032326e-002,
       9.9894536180218052e-001 ]
