%YAML:1.0
R2: !!opencv-matrix
   rows: 3
   cols: 3
   dt: d
   data: [ 9.9544164490415588e-001, -9.0093558535588730e-002,
       -3.1290290840811967e-002, 8.9797204347963538e-002,
       9.9590201556764435e-001, -1.0753486857464040e-002,
       3.2130883613717062e-002, 7.8946880051096284e-003,
       9.9945249022627591e-001 ]
