%YAML:1.0
T: !!opencv-matrix
   rows: 3
   cols: 1
   dt: d
   data: [ -1.1835360748892919e+001, 1.0711725512778265e+000,
       3.7202771446681954e-001 ]
