%YAML:1.0
D1: !!opencv-matrix
   rows: 1
   cols: 5
   dt: d
   data: [ 1.2350904085531518e-001, -2.8853830328851466e+000, 0., 0.,
       1.3647984529478144e+001 ]
