%YAML:1.0
D2: !!opencv-matrix
   rows: 1
   cols: 5
   dt: d
   data: [ 2.1706659112422668e-002, -1.1440496289857438e+000, 0., 0.,
       3.9743904410905242e+000 ]
