%YAML:1.0
M1: !!opencv-matrix
   rows: 3
   cols: 3
   dt: d
   data: [ 4.4816135818542483e+002, 0., 1.6066675440726570e+002, 0.,
       4.4816135818542483e+002, 1.2337331508053612e+002, 0., 0., 1. ]
