%YAML:1.0
M2: !!opencv-matrix
   rows: 3
   cols: 3
   dt: d
   data: [ 4.4816135818542483e+002, 0., 1.7578835698713937e+002, 0.,
       4.4816135818542483e+002, 1.3862826302445345e+002, 0., 0., 1. ]
