%YAML:1.0
P2: !!opencv-matrix
   rows: 3
   cols: 4
   dt: d
   data: [ 4.4816135818542483e+002, 0., 1.7960879898071289e+002,
       -4.3089235098784784e+003, 0., 4.4816135818542483e+002,
       1.3055809879302979e+002, 0., 0., 0., 1., 0. ]
