%YAML:1.0
Q: !!opencv-matrix
   rows: 4
   cols: 4
   dt: d
   data: [ 1., 0., 0., -1.5888908004760742e+002, 0., 1., 0.,
       -1.3055809879302979e+002, 0., 0., 0., 4.4816135818542483e+002, 0.,
       0., 1.0400773120200132e-001, 2.1550109573754512e+000 ]
