%YAML:1.0
R1: !!opencv-matrix
   rows: 3
   cols: 3
   dt: d
   data: [ 9.9955543230825761e-001, 2.9612279361151409e-002,
       3.4714052038851222e-003, -2.9627131331260156e-002,
       9.9955173665428854e-001, 4.3079972697173509e-003,
       -3.3422794815361617e-003, -4.4089298511946441e-003,
       9.9998469513559785e-001 ]
