%YAML:1.0
R2: !!opencv-matrix
   rows: 3
   cols: 3
   dt: d
   data: [ 9.9942961051876222e-001, 3.3133981761913137e-002,
       -6.5263213923791273e-003, -3.3162118844059812e-002,
       9.9944094378043813e-001, -4.2513255626215364e-003,
       6.3818094681580007e-003, 4.4653272968679068e-003,
       9.9996966621995287e-001 ]
