%YAML:1.0
T: !!opencv-matrix
   rows: 3
   cols: 1
   dt: d
   data: [ -9.6091857688703328e+000, -3.1857229629941036e-001,
       6.2748425688700732e-002 ]
