%YAML:1.0
D1: !!opencv-matrix
   rows: 1
   cols: 5
   dt: d
   data: [ -1.1602438286685636e-001, 1.2025303013639156e-001, 0., 0.,
       -1.0965698159492929e+000 ]
