%YAML:1.0
D2: !!opencv-matrix
   rows: 1
   cols: 5
   dt: d
   data: [ -1.6309629268654219e-002, -1.1080919346020921e+000, 0., 0.,
       4.9802734681266481e+000 ]
