%YAML:1.0
M2: !!opencv-matrix
   rows: 3
   cols: 3
   dt: d
   data: [ 4.2126730429010615e+002, 0., 1.5733241557586172e+002, 0.,
       4.2126730429010615e+002, 1.2602201127201431e+002, 0., 0., 1. ]
