%YAML:1.0
R1: !!opencv-matrix
   rows: 3
   cols: 3
   dt: d
   data: [ 9.9982200015357980e-001, 1.3648095589416341e-002,
       -1.3026799133989658e-002, -1.3442361787180569e-002,
       9.9978556359274595e-001, 1.5752134494032247e-002,
       1.3238992351297238e-002, -1.5574219669623496e-002,
       9.9979106455459210e-001 ]
