%YAML:1.0
R2: !!opencv-matrix
   rows: 3
   cols: 3
   dt: d
   data: [ 9.9991614865446621e-001, 1.1827528326871391e-002,
       5.2730668208025230e-003, -1.1743478807212234e-002,
       9.9980785777706305e-001, -1.5695165903702280e-002,
       -5.4576886613428620e-003, 1.5631925694463769e-002,
       9.9986291887116130e-001 ]
