%YAML:1.0
T: !!opencv-matrix
   rows: 3
   cols: 1
   dt: d
   data: [ -6.1410710806917832e+000, -7.2639783107835768e-002,
       -3.2384993685058608e-002 ]
