%YAML:1.0
D1: !!opencv-matrix
   rows: 1
   cols: 5
   dt: d
   data: [ -1.0568969896089049e-001, 2.4127398531664904e-002, 0., 0.,
       -1.4059098037208820e-001 ]
