%YAML:1.0
D2: !!opencv-matrix
   rows: 1
   cols: 5
   dt: d
   data: [ -6.1171913439047737e-002, -1.0515622609692143e+000, 0., 0.,
       3.8273152563208384e+000 ]
