%YAML:1.0
M1: !!opencv-matrix
   rows: 3
   cols: 3
   dt: d
   data: [ 3.9360865460854956e+002, 0., 1.7039190157457253e+002, 0.,
       3.9360865460854956e+002, 1.1891407216572756e+002, 0., 0., 1. ]
