%YAML:1.0
M2: !!opencv-matrix
   rows: 3
   cols: 3
   dt: d
   data: [ 3.9360865460854956e+002, 0., 1.6837220706036740e+002, 0.,
       3.9360865460854956e+002, 1.2184140024523229e+002, 0., 0., 1. ]
