%YAML:1.0
P1: !!opencv-matrix
   rows: 3
   cols: 4
   dt: d
   data: [ 3.8286806771103829e+002, 0., 1.6813110351562500e+002, 0., 0.,
       3.8286806771103829e+002, 1.2058466243743896e+002, 0., 0., 0., 1.,
       0. ]
