%YAML:1.0
P2: !!opencv-matrix
   rows: 3
   cols: 4
   dt: d
   data: [ 3.8286806771103829e+002, 0., 1.5499016571044922e+002,
       -2.3113394447742176e+003, 0., 3.8286806771103829e+002,
       1.2058466243743896e+002, 0., 0., 0., 1., 0. ]
