%YAML:1.0
Q: !!opencv-matrix
   rows: 4
   cols: 4
   dt: d
   data: [ 1., 0., 0., -1.6813110351562500e+002, 0., 1., 0.,
       -1.2058466243743896e+002, 0., 0., 0., 3.8286806771103829e+002, 0.,
       0., 1.6564770206153714e-001, -2.1767661503609479e+000 ]
