%YAML:1.0
R1: !!opencv-matrix
   rows: 3
   cols: 3
   dt: d
   data: [ 9.9886233648660638e-001, -4.7274722434543157e-002,
       6.2556668113442748e-003, 4.7186861663775198e-002,
       9.9879461571275374e-001, 1.3517237496487427e-002,
       -6.8871499795918785e-003, -1.3206674144144226e-002,
       9.9988906930879540e-001 ]
