%YAML:1.0
R2: !!opencv-matrix
   rows: 3
   cols: 3
   dt: d
   data: [ 9.9840503641384193e-001, -4.8877051600446357e-002,
       2.8256275237942073e-002, 4.9250499347744232e-002,
       9.9870603275316749e-001, -1.2674717212903039e-002,
       -2.7600209736030567e-002, 1.4046137165659554e-002,
       9.9952035219561719e-001 ]
