%YAML:1.0
T: !!opencv-matrix
   rows: 3
   cols: 1
   dt: d
   data: [ -6.0272797267235267e+000, 2.9506628218898689e-001,
       -1.7058054465159556e-001 ]
